-0.07814600318670273
0.11649956554174423
0.09006792306900024
0.00874413177371025
-0.09361790120601654
0.026243112981319427
-0.052807558327913284
-0.07336756587028503
0.11566207557916641
-0.1261582225561142
0.22596189379692078
-0.09678444266319275
-0.2773822546005249
-0.06090446189045906
-0.028529919683933258
0.1295323222875595
-0.09911960363388062
-0.15523698925971985
-0.10970130562782288
-0.10315494239330292
0.09909408539533615
0.03248170390725136
-0.014346934854984283
0.03965487331151962
-0.1305074691772461
-0.41221216320991516
-0.10260361433029175
-0.07331252843141556
0.08466285467147827
-0.055693015456199646
-0.051447778940200806
0.03367272764444351
-0.14541712403297424
-0.025092214345932007
0.027484163641929626
0.16316469013690948
0.0008776932954788208
-0.0673706904053688
0.13969367742538452
0.0006227977573871613
-0.19426943361759186
0.1532091200351715
0.08698371052742004
0.2631511688232422
0.16971708834171295
0.07405384629964828
0.01001287903636694
-0.04498949646949768
0.14044663310050964
-0.21788686513900757
0.12300840020179749
0.21042105555534363
0.14624357223510742
0.07584424316883087
0.1742730736732483
-0.12127314507961273
-0.03797009587287903
0.1439371407032013
-0.24129903316497803
0.023181505501270294
0.04139063507318497
0.03365256264805794
-0.03299728408455849
-0.14116406440734863
0.08018144965171814
0.15302827954292297
-0.09904775768518448
-0.17202739417552948
0.1775054931640625
-0.20978030562400818
-0.0595385879278183
0.05450472608208656
-0.13571098446846008
-0.14868658781051636
-0.21475382149219513
0.13525129854679108
0.4408385157585144
0.20562061667442322
-0.1522809863090515
0.07215666025876999
0.045373305678367615
-0.09559907764196396
0.01884622871875763
0.03341406583786011
-0.054336920380592346
0.0032964348793029785
-0.07491934299468994
0.06342892348766327
0.14040139317512512
0.017181292176246643
0.008720245212316513
0.22921760380268097
0.0045060403645038605
0.019822292029857635
0.0486769862473011
0.028649412095546722
-0.17148692905902863
-0.008686073124408722
-0.20449298620224
-0.06691282242536545
-0.010511748492717743
-0.07519623637199402
-0.035257384181022644
-0.007497474551200867
-0.15216073393821716
0.17030452191829681
-0.025964275002479553
-0.037569962441921234
-0.06447556614875793
0.05144116282463074
-0.1345362514257431
0.06771422922611237
0.16638925671577454
-0.26138541102409363
0.18416649103164673
0.1405019313097
0.06887047737836838
0.12231919169425964
0.145316943526268
0.03511558473110199
0.08665616810321808
-0.07058598846197128
-0.17804163694381714
-0.182869553565979
0.046179480850696564
-0.06647863984107971
0.015143901109695435
0.03900405019521713
