366832
318911
254626
250100
339108
166980
189070
379483
652126
696562
330374
642402
791860
397117
497406
840546
896333
269925
630019
724539
646144
774402
148839
772230
922963
726323
32807
448150
972483
434544
720403
693352
369034
38894
621537
242
680368
816962
794855
137092
605572
213485
829942
216913
157198
356208
56133
964308
929607
293011
235648
677578
527251
164428
309282
488306
144275
630698
539055
76554
720602
275051
945040
838278
416204
941786
744784
648077
465686
647487
487241
451952
877984
553531
53303
976898
979194
374978
465940
692450
649305
761853
986655
716598
526086
310414
316786
905302
93351
127271
553635
985021
980549
714689
522637
965342
198755
598158
269234
948422
952124
677340
391708
45288
100006
874729
305491
553389
95915
970057
204200
782688
916328
63957
83052
480267
708461
522324
919664
185915
909147
999858
591378
319637
639335
318161
897644
283340
881995
938924
846180
327361
244285
10647
144200
234720
663105
553287
969960
163199
842360
296320
440719
882458
599851
182944
355136
909063
409326
213563
218002
178604
691857
214035
679775
730463
431334
715013
776521
698782
491525
725108